0.000000	 0.000000	 -nan	 -4427290915128769372197036131190920441384811337040706053468642556101182417668417379427485106619664034691499432812969402002676445260096945708352648902799509475253062708731580876875622118368117822335029063050211503877008679179287175244520417163772907767935452408518564084407152111592457170164341045985280.000000	 0.000000	 0.000000	 0.000000	 1.000000	 
0.229232	 0.263046	 0.163848	 0.202382	 -0.000000	 0.000000	 0.000000	 0.000000	 
0.229232	 0.263046	 0.163848	 0.202382	 0.000001	 -0.000001	 0.000010	 0.000000	 
0.229230	 0.263042	 0.163847	 0.202379	 0.000002	 -0.000002	 0.000029	 0.000000	 
0.229227	 0.263037	 0.163844	 0.202376	 0.000003	 -0.000002	 0.000048	 0.000000	 
0.229224	 0.263032	 0.163842	 0.202372	 0.000004	 -0.000003	 0.000066	 0.000000	 
0.229221	 0.263027	 0.163840	 0.202369	 0.000004	 -0.000004	 0.000085	 0.000000	 
0.229218	 0.263023	 0.163837	 0.202365	 0.000005	 -0.000005	 0.000103	 0.000000	 
0.229215	 0.263018	 0.163835	 0.202362	 0.000005	 -0.000006	 0.000121	 0.000000	 
0.229212	 0.263014	 0.163833	 0.202359	 0.000004	 -0.000007	 0.000139	 0.000000	 
0.229209	 0.263009	 0.163831	 0.202356	 0.000004	 -0.000008	 0.000156	 0.000000	 
0.229206	 0.263005	 0.163829	 0.202353	 0.000003	 -0.000009	 0.000173	 0.000000	 
0.229203	 0.263001	 0.163826	 0.202350	 0.000002	 -0.000010	 0.000190	 0.000000	 
0.229201	 0.262996	 0.163824	 0.202347	 0.000001	 -0.000010	 0.000207	 0.000000	 
0.229198	 0.262992	 0.163822	 0.202345	 0.000000	 -0.000011	 0.000224	 0.000000	 
0.229195	 0.262988	 0.163820	 0.202342	 -0.000001	 -0.000012	 0.000240	 0.000000	 
0.229193	 0.262984	 0.163818	 0.202339	 -0.000003	 -0.000013	 0.000256	 0.000000	 
0.229190	 0.262981	 0.163816	 0.202337	 -0.000005	 -0.000014	 0.000272	 0.000000	 
0.229188	 0.262977	 0.163814	 0.202334	 -0.000007	 -0.000015	 0.000288	 0.000000	 
0.229185	 0.262973	 0.163812	 0.202332	 -0.000009	 -0.000016	 0.000303	 0.000000	 
0.229183	 0.262969	 0.163810	 0.202329	 -0.000011	 -0.000017	 0.000318	 0.000000	 
0.229181	 0.262966	 0.163808	 0.202327	 -0.000013	 -0.000018	 0.000334	 0.000000	 
0.229178	 0.262962	 0.163807	 0.202324	 -0.000016	 -0.000019	 0.000348	 0.000000	 
0.229176	 0.262959	 0.163805	 0.202322	 -0.000019	 -0.000020	 0.000363	 0.000000	 
0.229174	 0.262956	 0.163803	 0.202320	 -0.000022	 -0.000021	 0.000377	 0.000000	 
0.229172	 0.262952	 0.163801	 0.202317	 -0.000025	 -0.000022	 0.000391	 0.000000	 
0.229170	 0.262949	 0.163800	 0.202315	 -0.000028	 -0.000024	 0.000405	 0.000000	 
0.229168	 0.262946	 0.163798	 0.202313	 -0.000032	 -0.000025	 0.000419	 0.000000	 
0.229166	 0.262943	 0.163796	 0.202311	 -0.000035	 -0.000026	 0.000432	 0.000000	 
0.229164	 0.262940	 0.163795	 0.202309	 -0.000039	 -0.000027	 0.000446	 0.000000	 
0.229162	 0.262937	 0.163793	 0.202307	 -0.000043	 -0.000028	 0.000459	 0.000000	 
0.229160	 0.262934	 0.163791	 0.202305	 -0.000047	 -0.000029	 0.000471	 0.000000	 
0.229158	 0.262932	 0.163790	 0.202303	 -0.000051	 -0.000030	 0.000484	 0.000000	 
0.229157	 0.262929	 0.163788	 0.202301	 -0.000056	 -0.000031	 0.000496	 0.000000	 
0.229155	 0.262926	 0.163787	 0.202299	 -0.000060	 -0.000033	 0.000508	 0.000000	 
0.229153	 0.262924	 0.163785	 0.202297	 -0.000065	 -0.000034	 0.000520	 0.000000	 
0.229152	 0.262921	 0.163784	 0.202295	 -0.000070	 -0.000035	 0.000532	 0.000000	 
0.229150	 0.262919	 0.163783	 0.202293	 -0.000075	 -0.000036	 0.000543	 0.000000	 
0.229149	 0.262916	 0.163781	 0.202291	 -0.000080	 -0.000037	 0.000555	 0.000000	 
0.229147	 0.262914	 0.163780	 0.202290	 -0.000086	 -0.000038	 0.000565	 0.000000	 
0.229146	 0.262912	 0.163779	 0.202288	 -0.000091	 -0.000039	 0.000576	 0.000000	 
0.229144	 0.262910	 0.163777	 0.202287	 -0.000097	 -0.000040	 0.000587	 0.000000	 
0.229143	 0.262907	 0.163776	 0.202285	 -0.000103	 -0.000041	 0.000597	 0.000000	 
0.229142	 0.262905	 0.163775	 0.202283	 -0.000109	 -0.000041	 0.000607	 0.000000	 
0.229140	 0.262903	 0.163774	 0.202282	 -0.000115	 -0.000042	 0.000617	 0.000000	 
0.229139	 0.262901	 0.163773	 0.202280	 -0.000121	 -0.000043	 0.000626	 0.000000	 
0.229138	 0.262899	 0.163772	 0.202279	 -0.000128	 -0.000044	 0.000636	 0.000000	 
0.229136	 0.262898	 0.163771	 0.202278	 -0.000134	 -0.000045	 0.000645	 0.000000	 
0.229135	 0.262896	 0.163769	 0.202276	 -0.000141	 -0.000045	 0.000654	 0.000000	 
0.229134	 0.262894	 0.163768	 0.202275	 -0.000148	 -0.000046	 0.000663	 0.000000	 
0.229133	 0.262892	 0.163767	 0.202274	 -0.000155	 -0.000047	 0.000671	 0.000000	 
0.229132	 0.262891	 0.163766	 0.202272	 -0.000162	 -0.000047	 0.000679	 0.000000	 
0.229131	 0.262889	 0.163765	 0.202271	 -0.000169	 -0.000048	 0.000687	 0.000000	 
0.229130	 0.262887	 0.163765	 0.202270	 -0.000177	 -0.000048	 0.000695	 0.000000	 
0.229129	 0.262886	 0.163764	 0.202269	 -0.000184	 -0.000049	 0.000703	 0.000000	 
0.229128	 0.262884	 0.163763	 0.202267	 -0.000192	 -0.000049	 0.000710	 0.000000	 
0.229127	 0.262883	 0.163762	 0.202266	 -0.000200	 -0.000050	 0.000717	 0.000000	 
0.229126	 0.262881	 0.163761	 0.202265	 -0.000208	 -0.000050	 0.000724	 0.000000	 
0.229125	 0.262880	 0.163760	 0.202264	 -0.000216	 -0.000050	 0.000731	 0.000000	 
0.229124	 0.262879	 0.163759	 0.202263	 -0.000224	 -0.000051	 0.000737	 0.000000	 
0.229123	 0.262877	 0.163758	 0.202262	 -0.000232	 -0.000051	 0.000744	 0.000000	 
0.229122	 0.262876	 0.163757	 0.202261	 -0.000241	 -0.000051	 0.000750	 0.000000	 
0.229121	 0.262875	 0.163757	 0.202260	 -0.000249	 -0.000051	 0.000756	 0.000000	 
0.229120	 0.262873	 0.163756	 0.202259	 -0.000258	 -0.000051	 0.000761	 0.000000	 
0.229119	 0.262872	 0.163755	 0.202258	 -0.000267	 -0.000051	 0.000767	 0.000000	 
0.229118	 0.262871	 0.163754	 0.202257	 -0.000276	 -0.000051	 0.000772	 0.000000	 
0.229117	 0.262870	 0.163753	 0.202256	 -0.000285	 -0.000051	 0.000777	 0.000000	 
0.229116	 0.262869	 0.163753	 0.202255	 -0.000294	 -0.000051	 0.000782	 0.000000	 
0.229115	 0.262867	 0.163752	 0.202254	 -0.000303	 -0.000051	 0.000786	 0.000000	 
0.229114	 0.262866	 0.163751	 0.202253	 -0.000313	 -0.000051	 0.000791	 0.000000	 
0.229114	 0.262865	 0.163750	 0.202252	 -0.000322	 -0.000050	 0.000795	 0.000000	 
0.229113	 0.262864	 0.163749	 0.202251	 -0.000332	 -0.000050	 0.000799	 0.000000	 
0.229112	 0.262863	 0.163749	 0.202250	 -0.000342	 -0.000050	 0.000803	 0.000000	 
0.229111	 0.262862	 0.163748	 0.202248	 -0.000351	 -0.000049	 0.000806	 0.000000	 
0.229110	 0.262860	 0.163747	 0.202247	 -0.000361	 -0.000049	 0.000810	 0.000000	 
0.229109	 0.262859	 0.163746	 0.202246	 -0.000371	 -0.000048	 0.000813	 0.000000	 
0.229108	 0.262858	 0.163746	 0.202245	 -0.000381	 -0.000048	 0.000816	 0.000000	 
0.229107	 0.262857	 0.163745	 0.202244	 -0.000391	 -0.000047	 0.000819	 0.000000	 
0.229106	 0.262856	 0.163744	 0.202243	 -0.000402	 -0.000046	 0.000822	 0.000000	 
0.229106	 0.262854	 0.163743	 0.202242	 -0.000412	 -0.000045	 0.000824	 0.000000	 
0.229105	 0.262853	 0.163742	 0.202241	 -0.000422	 -0.000045	 0.000826	 0.000000	 
0.229104	 0.262852	 0.163742	 0.202240	 -0.000433	 -0.000044	 0.000829	 0.000000	 
0.229103	 0.262851	 0.163741	 0.202239	 -0.000443	 -0.000043	 0.000831	 0.000000	 
0.229102	 0.262850	 0.163740	 0.202237	 -0.000454	 -0.000042	 0.000832	 0.000000	 
0.229101	 0.262848	 0.163739	 0.202236	 -0.000465	 -0.000041	 0.000834	 0.000000	 
0.229100	 0.262847	 0.163738	 0.202235	 -0.000475	 -0.000040	 0.000835	 0.000000	 
0.229099	 0.262846	 0.163738	 0.202234	 -0.000486	 -0.000039	 0.000837	 0.000000	 
0.229098	 0.262844	 0.163737	 0.202232	 -0.000497	 -0.000038	 0.000838	 0.000000	 
0.229097	 0.262843	 0.163736	 0.202231	 -0.000508	 -0.000037	 0.000839	 0.000000	 
0.229096	 0.262841	 0.163735	 0.202229	 -0.000519	 -0.000036	 0.000840	 0.000000	 
0.229095	 0.262840	 0.163734	 0.202228	 -0.000530	 -0.000035	 0.000840	 0.000000	 
0.229094	 0.262838	 0.163733	 0.202226	 -0.000541	 -0.000033	 0.000841	 0.000000	 
0.229093	 0.262837	 0.163733	 0.202225	 -0.000552	 -0.000032	 0.000841	 0.000000	 
0.229092	 0.262835	 0.163732	 0.202223	 -0.000563	 -0.000031	 0.000842	 0.000000	 
0.229091	 0.262834	 0.163731	 0.202221	 -0.000575	 -0.000029	 0.000842	 0.000000	 
0.229090	 0.262832	 0.163730	 0.202220	 -0.000586	 -0.000028	 0.000842	 0.000000	 
0.229089	 0.262830	 0.163729	 0.202218	 -0.000597	 -0.000027	 0.000841	 0.000000	 
0.229088	 0.262828	 0.163728	 0.202216	 -0.000608	 -0.000025	 0.000841	 0.000000	 
0.229087	 0.262827	 0.163727	 0.202214	 -0.000620	 -0.000024	 0.000841	 0.000000	 
0.229086	 0.262825	 0.163726	 0.202212	 -0.000631	 -0.000022	 0.000840	 0.000000	 
0.229084	 0.262823	 0.163725	 0.202210	 -0.000643	 -0.000021	 0.000839	 0.000000	 
0.229083	 0.262821	 0.163724	 0.202208	 -0.000654	 -0.000019	 0.000839	 0.000000	 
0.229082	 0.262819	 0.163723	 0.202206	 -0.000666	 -0.000017	 0.000838	 0.000000	 
0.229081	 0.262817	 0.163722	 0.202203	 -0.000677	 -0.000016	 0.000837	 0.000000	 
0.229080	 0.262814	 0.163721	 0.202201	 -0.000689	 -0.000014	 0.000835	 0.000000	 
0.229078	 0.262812	 0.163720	 0.202199	 -0.000700	 -0.000012	 0.000834	 0.000000	 
0.229077	 0.262810	 0.163719	 0.202196	 -0.000712	 -0.000010	 0.000833	 0.000000	 
0.229076	 0.262807	 0.163718	 0.202193	 -0.000723	 -0.000009	 0.000831	 0.000000	 
0.229074	 0.262805	 0.163717	 0.202191	 -0.000735	 -0.000007	 0.000829	 0.000000	 
0.229073	 0.262802	 0.163716	 0.202188	 -0.000747	 -0.000005	 0.000828	 0.000000	 
0.229072	 0.262800	 0.163715	 0.202185	 -0.000758	 -0.000003	 0.000826	 0.000000	 
0.229070	 0.262797	 0.163714	 0.202182	 -0.000770	 -0.000001	 0.000824	 0.000000	 
0.229069	 0.262794	 0.163713	 0.202179	 -0.000781	 0.000001	 0.000822	 0.000000	 
0.229067	 0.262792	 0.163712	 0.202176	 -0.000793	 0.000003	 0.000820	 0.000000	 
0.229066	 0.262789	 0.163710	 0.202173	 -0.000805	 0.000004	 0.000817	 0.000000	 
0.229064	 0.262786	 0.163709	 0.202170	 -0.000816	 0.000006	 0.000815	 0.000000	 
0.229063	 0.262783	 0.163708	 0.202166	 -0.000828	 0.000008	 0.000813	 0.000000	 
0.229061	 0.262779	 0.163707	 0.202163	 -0.000839	 0.000010	 0.000810	 0.000000	 
0.229060	 0.262776	 0.163706	 0.202159	 -0.000851	 0.000012	 0.000808	 0.000000	 
0.229058	 0.262773	 0.163704	 0.202156	 -0.000863	 0.000015	 0.000805	 0.000000	 
0.229056	 0.262769	 0.163703	 0.202152	 -0.000874	 0.000017	 0.000802	 0.000000	 
0.229055	 0.262766	 0.163702	 0.202148	 -0.000886	 0.000019	 0.000799	 0.000000	 
0.229053	 0.262762	 0.163700	 0.202144	 -0.000897	 0.000021	 0.000796	 0.000000	 
0.229051	 0.262759	 0.163699	 0.202140	 -0.000909	 0.000023	 0.000793	 0.000000	 
0.229049	 0.262755	 0.163698	 0.202136	 -0.000920	 0.000025	 0.000790	 0.000000	 
0.229048	 0.262751	 0.163696	 0.202132	 -0.000932	 0.000027	 0.000787	 0.000000	 
0.229046	 0.262747	 0.163695	 0.202127	 -0.000943	 0.000029	 0.000784	 0.000000	 
0.229044	 0.262743	 0.163693	 0.202123	 -0.000955	 0.000032	 0.000781	 0.000000	 
0.229042	 0.262739	 0.163692	 0.202118	 -0.000966	 0.000034	 0.000777	 0.000000	 
0.229040	 0.262734	 0.163690	 0.202113	 -0.000978	 0.000036	 0.000774	 0.000000	 
0.229038	 0.262730	 0.163689	 0.202109	 -0.000989	 0.000038	 0.000771	 0.000000	 
0.229036	 0.262726	 0.163687	 0.202104	 -0.001001	 0.000041	 0.000767	 0.000000	 
0.229034	 0.262721	 0.163686	 0.202099	 -0.001012	 0.000043	 0.000764	 0.000000	 
0.229032	 0.262716	 0.163684	 0.202093	 -0.001023	 0.000045	 0.000760	 0.000000	 
0.229030	 0.262711	 0.163683	 0.202088	 -0.001034	 0.000047	 0.000756	 0.000000	 
0.229027	 0.262707	 0.163681	 0.202083	 -0.001046	 0.000050	 0.000753	 0.000000	 
0.229025	 0.262701	 0.163679	 0.202077	 -0.001057	 0.000052	 0.000749	 0.000000	 
0.229023	 0.262696	 0.163678	 0.202071	 -0.001068	 0.000054	 0.000745	 0.000000	 
0.229021	 0.262691	 0.163676	 0.202066	 -0.001079	 0.000057	 0.000741	 0.000000	 
0.229018	 0.262686	 0.163674	 0.202060	 -0.001090	 0.000059	 0.000737	 0.000000	 
0.229016	 0.262680	 0.163673	 0.202054	 -0.001101	 0.000061	 0.000734	 0.000000	 
0.229014	 0.262675	 0.163671	 0.202048	 -0.001112	 0.000064	 0.000730	 0.000000	 
0.229011	 0.262669	 0.163669	 0.202041	 -0.001123	 0.000066	 0.000726	 0.000000	 
0.229009	 0.262663	 0.163667	 0.202035	 -0.001134	 0.000068	 0.000722	 0.000000	 
0.229006	 0.262657	 0.163665	 0.202028	 -0.001145	 0.000071	 0.000718	 0.000000	 
0.229004	 0.262651	 0.163663	 0.202022	 -0.001156	 0.000073	 0.000713	 0.000000	 
0.229001	 0.262645	 0.163662	 0.202015	 -0.001167	 0.000075	 0.000709	 0.000000	 
0.228999	 0.262639	 0.163660	 0.202008	 -0.001178	 0.000078	 0.000705	 0.000000	 
0.228996	 0.262632	 0.163658	 0.202001	 -0.001188	 0.000080	 0.000701	 0.000000	 
0.228993	 0.262626	 0.163656	 0.201994	 -0.001199	 0.000082	 0.000697	 0.000000	 
0.228990	 0.262619	 0.163654	 0.201986	 -0.001210	 0.000085	 0.000693	 0.000000	 
0.228988	 0.262612	 0.163652	 0.201979	 -0.001220	 0.000087	 0.000688	 0.000000	 
0.228985	 0.262605	 0.163650	 0.201971	 -0.001231	 0.000089	 0.000684	 0.000000	 
0.228982	 0.262598	 0.163648	 0.201964	 -0.001241	 0.000092	 0.000680	 0.000000	 
0.228979	 0.262591	 0.163645	 0.201956	 -0.001252	 0.000094	 0.000676	 0.000000	 
0.228976	 0.262584	 0.163643	 0.201948	 -0.001262	 0.000096	 0.000672	 0.000000	 
0.228973	 0.262577	 0.163641	 0.201940	 -0.001273	 0.000098	 0.000667	 0.000000	 
0.228970	 0.262570	 0.163639	 0.201932	 -0.001283	 0.000101	 0.000663	 0.000000	 
0.228967	 0.262562	 0.163637	 0.201924	 -0.001294	 0.000103	 0.000659	 0.000000	 
0.228965	 0.262555	 0.163635	 0.201915	 -0.001304	 0.000105	 0.000655	 0.000000	 
0.228962	 0.262547	 0.163633	 0.201907	 -0.001315	 0.000107	 0.000651	 0.000000	 
0.228959	 0.262539	 0.163631	 0.201898	 -0.001325	 0.000110	 0.000647	 0.000000	 
0.228956	 0.262531	 0.163628	 0.201889	 -0.001336	 0.000112	 0.000642	 0.000000	 
0.228953	 0.262523	 0.163626	 0.201881	 -0.001346	 0.000114	 0.000638	 0.000000	 
0.228949	 0.262515	 0.163624	 0.201872	 -0.001356	 0.000116	 0.000634	 0.000000	 
0.228946	 0.262507	 0.163622	 0.201863	 -0.001367	 0.000118	 0.000630	 0.000000	 
0.228943	 0.262499	 0.163620	 0.201853	 -0.001377	 0.000120	 0.000626	 0.000000	 
0.228940	 0.262491	 0.163618	 0.201844	 -0.001388	 0.000122	 0.000622	 0.000000	 
0.228937	 0.262482	 0.163615	 0.201835	 -0.001398	 0.000125	 0.000618	 0.000000	 
0.228934	 0.262474	 0.163613	 0.201825	 -0.001408	 0.000127	 0.000614	 0.000000	 
0.228931	 0.262465	 0.163611	 0.201816	 -0.001418	 0.000129	 0.000610	 0.000000	 
0.228928	 0.262457	 0.163609	 0.201806	 -0.001429	 0.000131	 0.000606	 0.000000	 
0.228924	 0.262448	 0.163607	 0.201796	 -0.001439	 0.000133	 0.000602	 0.000000	 
0.228921	 0.262439	 0.163604	 0.201786	 -0.001449	 0.000135	 0.000598	 0.000000	 
0.228918	 0.262430	 0.163602	 0.201776	 -0.001459	 0.000137	 0.000595	 0.000000	 
0.228915	 0.262421	 0.163600	 0.201765	 -0.001469	 0.000139	 0.000591	 0.000000	 
0.228911	 0.262411	 0.163597	 0.201755	 -0.001479	 0.000141	 0.000587	 0.000000	 
0.228908	 0.262402	 0.163595	 0.201744	 -0.001489	 0.000143	 0.000583	 0.000000	 
0.228905	 0.262393	 0.163593	 0.201734	 -0.001499	 0.000144	 0.000579	 0.000000	 
0.228901	 0.262383	 0.163591	 0.201723	 -0.001509	 0.000146	 0.000576	 0.000000	 
0.228898	 0.262373	 0.163588	 0.201712	 -0.001519	 0.000148	 0.000572	 0.000000	 
0.228895	 0.262364	 0.163586	 0.201701	 -0.001529	 0.000150	 0.000568	 0.000000	 
0.228891	 0.262354	 0.163584	 0.201690	 -0.001539	 0.000152	 0.000565	 0.000000	 
0.228888	 0.262344	 0.163581	 0.201678	 -0.001549	 0.000154	 0.000561	 0.000000	 
0.228884	 0.262334	 0.163579	 0.201667	 -0.001558	 0.000155	 0.000558	 0.000000	 
0.228881	 0.262323	 0.163576	 0.201655	 -0.001568	 0.000157	 0.000554	 0.000000	 
0.228877	 0.262313	 0.163574	 0.201644	 -0.001578	 0.000159	 0.000551	 0.000000	 
0.228874	 0.262303	 0.163572	 0.201632	 -0.001587	 0.000161	 0.000547	 0.000000	 
0.228870	 0.262292	 0.163569	 0.201620	 -0.001597	 0.000162	 0.000544	 0.000000	 
0.228867	 0.262281	 0.163567	 0.201608	 -0.001607	 0.000164	 0.000541	 0.000000	 
0.228863	 0.262270	 0.163564	 0.201596	 -0.001616	 0.000165	 0.000538	 0.000000	 
0.228859	 0.262259	 0.163562	 0.201583	 -0.001625	 0.000167	 0.000534	 0.000000	 
0.228856	 0.262248	 0.163559	 0.201571	 -0.001635	 0.000169	 0.000531	 0.000000	 
0.228852	 0.262237	 0.163557	 0.201558	 -0.001644	 0.000170	 0.000528	 0.000000	 
0.228848	 0.262226	 0.163555	 0.201545	 -0.001654	 0.000172	 0.000525	 0.000000	 
0.228845	 0.262214	 0.163552	 0.201532	 -0.001663	 0.000173	 0.000522	 0.000000	 
0.228841	 0.262203	 0.163550	 0.201519	 -0.001672	 0.000175	 0.000519	 0.000000	 
0.228837	 0.262191	 0.163547	 0.201506	 -0.001681	 0.000176	 0.000516	 0.000000	 
0.228833	 0.262179	 0.163544	 0.201493	 -0.001690	 0.000178	 0.000513	 0.000000	 
0.228829	 0.262167	 0.163542	 0.201479	 -0.001700	 0.000179	 0.000510	 0.000000	 
0.228826	 0.262155	 0.163539	 0.201466	 -0.001709	 0.000181	 0.000507	 0.000000	 
0.228822	 0.262142	 0.163537	 0.201452	 -0.001718	 0.000182	 0.000504	 0.000000	 
0.228818	 0.262130	 0.163534	 0.201438	 -0.001727	 0.000183	 0.000501	 0.000000	 
0.228814	 0.262117	 0.163532	 0.201424	 -0.001735	 0.000185	 0.000499	 0.000000	 
0.228810	 0.262104	 0.163529	 0.201410	 -0.001744	 0.000186	 0.000496	 0.000000	 
0.228806	 0.262092	 0.163526	 0.201396	 -0.001753	 0.000187	 0.000493	 0.000000	 
0.228802	 0.262078	 0.163524	 0.201381	 -0.001762	 0.000188	 0.000491	 0.000000	 
0.228798	 0.262065	 0.163521	 0.201367	 -0.001770	 0.000190	 0.000488	 0.000000	 
0.228794	 0.262052	 0.163518	 0.201352	 -0.001779	 0.000191	 0.000486	 0.000000	 
0.228790	 0.262038	 0.163516	 0.201337	 -0.001788	 0.000192	 0.000483	 0.000000	 
0.228786	 0.262025	 0.163513	 0.201322	 -0.001796	 0.000193	 0.000481	 0.000000	 
0.228782	 0.262011	 0.163510	 0.201307	 -0.001805	 0.000194	 0.000478	 0.000000	 
0.228777	 0.261997	 0.163508	 0.201292	 -0.001813	 0.000196	 0.000476	 0.000000	 
0.228773	 0.261983	 0.163505	 0.201277	 -0.001822	 0.000197	 0.000474	 0.000000	 
0.228769	 0.261969	 0.163502	 0.201261	 -0.001830	 0.000198	 0.000472	 0.000000	 
0.228765	 0.261954	 0.163500	 0.201245	 -0.001838	 0.000199	 0.000469	 0.000000	 
0.228761	 0.261940	 0.163497	 0.201230	 -0.001846	 0.000200	 0.000467	 0.000000	 
0.228756	 0.261925	 0.163494	 0.201214	 -0.001855	 0.000201	 0.000465	 0.000000	 
0.228752	 0.261910	 0.163491	 0.201198	 -0.001863	 0.000202	 0.000463	 0.000000	 
0.228748	 0.261895	 0.163489	 0.201181	 -0.001871	 0.000203	 0.000461	 0.000000	 
0.228743	 0.261880	 0.163486	 0.201165	 -0.001879	 0.000204	 0.000459	 0.000000	 
0.228739	 0.261865	 0.163483	 0.201149	 -0.001887	 0.000204	 0.000457	 0.000000	 
0.228735	 0.261849	 0.163480	 0.201132	 -0.001895	 0.000205	 0.000455	 0.000000	 
0.228730	 0.261833	 0.163477	 0.201115	 -0.001902	 0.000206	 0.000453	 0.000000	 
0.228726	 0.261818	 0.163474	 0.201098	 -0.001910	 0.000207	 0.000452	 0.000000	 
0.228721	 0.261802	 0.163472	 0.201081	 -0.001918	 0.000208	 0.000450	 0.000000	 
0.228717	 0.261786	 0.163469	 0.201064	 -0.001926	 0.000209	 0.000448	 0.000000	 
0.228712	 0.261769	 0.163466	 0.201047	 -0.001933	 0.000209	 0.000447	 0.000000	 
0.228708	 0.261753	 0.163463	 0.201030	 -0.001941	 0.000210	 0.000445	 0.000000	 
0.228703	 0.261736	 0.163460	 0.201012	 -0.001948	 0.000211	 0.000443	 0.000000	 
0.228699	 0.261720	 0.163457	 0.200994	 -0.001956	 0.000211	 0.000442	 0.000000	 
0.228694	 0.261703	 0.163454	 0.200977	 -0.001963	 0.000212	 0.000440	 0.000000	 
0.228689	 0.261686	 0.163451	 0.200959	 -0.001971	 0.000213	 0.000439	 0.000000	 
0.228685	 0.261668	 0.163448	 0.200941	 -0.001978	 0.000213	 0.000438	 0.000000	 
0.228680	 0.261651	 0.163445	 0.200922	 -0.001985	 0.000214	 0.000436	 0.000000	 
0.228675	 0.261633	 0.163443	 0.200904	 -0.001992	 0.000215	 0.000435	 0.000000	 
0.228671	 0.261616	 0.163440	 0.200886	 -0.002000	 0.000215	 0.000434	 0.000000	 
0.228666	 0.261598	 0.163437	 0.200867	 -0.002007	 0.000216	 0.000432	 0.000000	 
0.228661	 0.261580	 0.163434	 0.200848	 -0.002014	 0.000216	 0.000431	 0.000000	 
0.228656	 0.261562	 0.163431	 0.200830	 -0.002021	 0.000217	 0.000430	 0.000000	 
0.228652	 0.261543	 0.163428	 0.200811	 -0.002028	 0.000217	 0.000429	 0.000000	 
0.228647	 0.261525	 0.163425	 0.200791	 -0.002035	 0.000217	 0.000428	 0.000000	 
0.228642	 0.261506	 0.163422	 0.200772	 -0.002042	 0.000218	 0.000427	 0.000000	 
0.228637	 0.261487	 0.163419	 0.200753	 -0.002048	 0.000218	 0.000426	 0.000000	 
0.228632	 0.261468	 0.163416	 0.200733	 -0.002055	 0.000219	 0.000425	 0.000000	 
0.228627	 0.261449	 0.163413	 0.200714	 -0.002062	 0.000219	 0.000424	 0.000000	 
0.228622	 0.261430	 0.163410	 0.200694	 -0.002068	 0.000219	 0.000423	 0.000000	 
0.228617	 0.261410	 0.163406	 0.200674	 -0.002075	 0.000219	 0.000422	 0.000000	 
0.228612	 0.261391	 0.163403	 0.200654	 -0.002082	 0.000220	 0.000422	 0.000000	 
0.228607	 0.261371	 0.163400	 0.200634	 -0.002088	 0.000220	 0.000421	 0.000000	 
0.228602	 0.261351	 0.163397	 0.200614	 -0.002095	 0.000220	 0.000420	 0.000000	 
0.228597	 0.261331	 0.163394	 0.200594	 -0.002101	 0.000220	 0.000420	 0.000000	 
0.228592	 0.261311	 0.163391	 0.200573	 -0.002107	 0.000221	 0.000419	 0.000000	 
0.228587	 0.261290	 0.163388	 0.200552	 -0.002114	 0.000221	 0.000418	 0.000000	 
0.228582	 0.261270	 0.163385	 0.200531	 -0.002120	 0.000221	 0.000418	 0.000000	 
0.228577	 0.261249	 0.163382	 0.200510	 -0.002126	 0.000221	 0.000417	 0.000000	 
0.228572	 0.261228	 0.163379	 0.200489	 -0.002132	 0.000221	 0.000417	 0.000000	 
0.228567	 0.261207	 0.163376	 0.200467	 -0.002139	 0.000221	 0.000416	 0.000000	 
0.228562	 0.261185	 0.163372	 0.200446	 -0.002145	 0.000221	 0.000416	 0.000000	 
0.228557	 0.261164	 0.163369	 0.200424	 -0.002151	 0.000221	 0.000415	 0.000000	 
0.228551	 0.261142	 0.163366	 0.200402	 -0.002157	 0.000221	 0.000415	 0.000000	 
0.228546	 0.261121	 0.163363	 0.200380	 -0.002163	 0.000221	 0.000415	 0.000000	 
0.228541	 0.261099	 0.163360	 0.200358	 -0.002169	 0.000221	 0.000414	 0.000000	 
0.228536	 0.261077	 0.163357	 0.200335	 -0.002174	 0.000221	 0.000414	 0.000000	 
0.228531	 0.261054	 0.163354	 0.200313	 -0.002180	 0.000221	 0.000414	 0.000000	 
0.228525	 0.261032	 0.163351	 0.200290	 -0.002186	 0.000221	 0.000414	 0.000000	 
0.228520	 0.261009	 0.163347	 0.200267	 -0.002192	 0.000221	 0.000414	 0.000000	 
0.228515	 0.260986	 0.163344	 0.200244	 -0.002197	 0.000221	 0.000413	 0.000000	 
0.228509	 0.260963	 0.163341	 0.200221	 -0.002203	 0.000221	 0.000413	 0.000000	 
0.228504	 0.260940	 0.163338	 0.200197	 -0.002209	 0.000221	 0.000413	 0.000000	 
0.228499	 0.260917	 0.163335	 0.200173	 -0.002214	 0.000220	 0.000413	 0.000000	 
0.228493	 0.260894	 0.163331	 0.200150	 -0.002220	 0.000220	 0.000413	 0.000000	 
0.228488	 0.260870	 0.163328	 0.200126	 -0.002225	 0.000220	 0.000413	 0.000000	 
0.228483	 0.260846	 0.163325	 0.200101	 -0.002231	 0.000220	 0.000413	 0.000000	 
0.228477	 0.260822	 0.163322	 0.200077	 -0.002236	 0.000219	 0.000413	 0.000000	 
0.228472	 0.260798	 0.163319	 0.200053	 -0.002242	 0.000219	 0.000413	 0.000000	 
0.228466	 0.260774	 0.163316	 0.200028	 -0.002247	 0.000219	 0.000413	 0.000000	 
0.228461	 0.260749	 0.163312	 0.200003	 -0.002252	 0.000219	 0.000414	 0.000000	 
0.228456	 0.260725	 0.163309	 0.199978	 -0.002258	 0.000218	 0.000414	 0.000000	 
0.228450	 0.260700	 0.163306	 0.199953	 -0.002263	 0.000218	 0.000414	 0.000000	 
0.228445	 0.260675	 0.163303	 0.199928	 -0.002268	 0.000218	 0.000414	 0.000000	 
0.228439	 0.260650	 0.163300	 0.199902	 -0.002273	 0.000217	 0.000414	 0.000000	 
0.228434	 0.260625	 0.163296	 0.199876	 -0.002278	 0.000217	 0.000414	 0.000000	 
0.228428	 0.260599	 0.163293	 0.199850	 -0.002283	 0.000217	 0.000415	 0.000000	 
0.228423	 0.260573	 0.163290	 0.199824	 -0.002288	 0.000216	 0.000415	 0.000000	 
0.228417	 0.260548	 0.163287	 0.199798	 -0.002293	 0.000216	 0.000415	 0.000000	 
0.228412	 0.260522	 0.163284	 0.199772	 -0.002298	 0.000215	 0.000416	 0.000000	 
0.228406	 0.260496	 0.163280	 0.199745	 -0.002303	 0.000215	 0.000416	 0.000000	 
0.228400	 0.260469	 0.163277	 0.199718	 -0.002308	 0.000214	 0.000416	 0.000000	 
0.228395	 0.260443	 0.163274	 0.199692	 -0.002313	 0.000214	 0.000417	 0.000000	 
0.228389	 0.260416	 0.163271	 0.199664	 -0.002318	 0.000213	 0.000417	 0.000000	 
0.228384	 0.260389	 0.163268	 0.199637	 -0.002323	 0.000213	 0.000417	 0.000000	 
0.228378	 0.260362	 0.163264	 0.199610	 -0.002328	 0.000212	 0.000418	 0.000000	 
0.228372	 0.260335	 0.163261	 0.199582	 -0.002333	 0.000212	 0.000418	 0.000000	 
0.228367	 0.260308	 0.163258	 0.199554	 -0.002337	 0.000211	 0.000419	 0.000000	 
0.228361	 0.260280	 0.163255	 0.199527	 -0.002342	 0.000211	 0.000419	 0.000000	 
0.228356	 0.260253	 0.163252	 0.199498	 -0.002347	 0.000210	 0.000420	 0.000000	 
0.228350	 0.260225	 0.163249	 0.199470	 -0.002351	 0.000209	 0.000420	 0.000000	 
0.228344	 0.260197	 0.163245	 0.199442	 -0.002356	 0.000209	 0.000421	 0.000000	 
0.228339	 0.260169	 0.163242	 0.199413	 -0.002361	 0.000208	 0.000421	 0.000000	 
0.228333	 0.260140	 0.163239	 0.199384	 -0.002365	 0.000208	 0.000422	 0.000000	 
0.228327	 0.260112	 0.163236	 0.199355	 -0.002370	 0.000207	 0.000422	 0.000000	 
0.228322	 0.260083	 0.163233	 0.199326	 -0.002374	 0.000206	 0.000423	 0.000000	 
0.228316	 0.260054	 0.163230	 0.199297	 -0.002379	 0.000206	 0.000423	 0.000000	 
0.228310	 0.260025	 0.163226	 0.199267	 -0.002383	 0.000205	 0.000424	 0.000000	 
0.228305	 0.259996	 0.163223	 0.199238	 -0.002388	 0.000204	 0.000425	 0.000000	 
0.228299	 0.259967	 0.163220	 0.199208	 -0.002392	 0.000204	 0.000425	 0.000000	 
0.228293	 0.259937	 0.163217	 0.199178	 -0.002397	 0.000203	 0.000426	 0.000000	 
0.228288	 0.259907	 0.163214	 0.199148	 -0.002401	 0.000202	 0.000426	 0.000000	 
0.228282	 0.259877	 0.163211	 0.199117	 -0.002405	 0.000201	 0.000427	 0.000000	 
0.228276	 0.259847	 0.163208	 0.199087	 -0.002410	 0.000201	 0.000428	 0.000000	 
0.228270	 0.259817	 0.163204	 0.199056	 -0.002414	 0.000200	 0.000428	 0.000000	 
0.228265	 0.259787	 0.163201	 0.199025	 -0.002418	 0.000199	 0.000429	 0.000000	 
0.228259	 0.259756	 0.163198	 0.198994	 -0.002423	 0.000198	 0.000430	 0.000000	 
0.228253	 0.259725	 0.163195	 0.198963	 -0.002427	 0.000198	 0.000430	 0.000000	 
0.228247	 0.259694	 0.163192	 0.198932	 -0.002431	 0.000197	 0.000431	 0.000000	 
0.228242	 0.259663	 0.163189	 0.198901	 -0.002436	 0.000196	 0.000432	 0.000000	 
0.228236	 0.259632	 0.163186	 0.198869	 -0.002440	 0.000195	 0.000432	 0.000000	 
0.228230	 0.259601	 0.163183	 0.198838	 -0.002444	 0.000195	 0.000433	 0.000000	 
0.228225	 0.259569	 0.163180	 0.198806	 -0.002448	 0.000194	 0.000434	 0.000000	 
0.228219	 0.259538	 0.163177	 0.198775	 -0.002452	 0.000193	 0.000434	 0.000000	 
0.228213	 0.259506	 0.163173	 0.198743	 -0.002457	 0.000192	 0.000435	 0.000000	 
0.228207	 0.259474	 0.163170	 0.198711	 -0.002461	 0.000191	 0.000436	 0.000000	 
0.228202	 0.259442	 0.163167	 0.198679	 -0.002465	 0.000190	 0.000436	 0.000000	 
0.228196	 0.259410	 0.163164	 0.198648	 -0.002469	 0.000190	 0.000437	 0.000000	 
0.228190	 0.259378	 0.163161	 0.198616	 -0.002473	 0.000189	 0.000438	 0.000000	 
0.228184	 0.259346	 0.163158	 0.198583	 -0.002477	 0.000188	 0.000439	 0.000000	 
0.228179	 0.259313	 0.163155	 0.198551	 -0.002481	 0.000187	 0.000439	 0.000000	 
0.228173	 0.259281	 0.163152	 0.198519	 -0.002485	 0.000186	 0.000440	 0.000000	 
0.228167	 0.259248	 0.163149	 0.198487	 -0.002489	 0.000185	 0.000441	 0.000000	 
0.228161	 0.259216	 0.163146	 0.198454	 -0.002493	 0.000184	 0.000441	 0.000000	 
0.228156	 0.259183	 0.163143	 0.198422	 -0.002497	 0.000184	 0.000442	 0.000000	 
0.228150	 0.259150	 0.163140	 0.198389	 -0.002501	 0.000183	 0.000443	 0.000000	 
0.228144	 0.259117	 0.163137	 0.198357	 -0.002505	 0.000182	 0.000444	 0.000000	 
0.228138	 0.259084	 0.163134	 0.198324	 -0.002509	 0.000181	 0.000444	 0.000000	 
0.228132	 0.259051	 0.163131	 0.198292	 -0.002513	 0.000180	 0.000445	 0.000000	 
0.228127	 0.259018	 0.163128	 0.198259	 -0.002517	 0.000179	 0.000446	 0.000000	 
0.228121	 0.258984	 0.163126	 0.198226	 -0.002521	 0.000178	 0.000446	 0.000000	 
0.228115	 0.258951	 0.163123	 0.198193	 -0.002525	 0.000177	 0.000447	 0.000000	 
0.228110	 0.258918	 0.163120	 0.198160	 -0.002529	 0.000176	 0.000448	 0.000000	 
0.228104	 0.258884	 0.163117	 0.198127	 -0.002533	 0.000175	 0.000448	 0.000000	 
0.228098	 0.258850	 0.163114	 0.198094	 -0.002537	 0.000175	 0.000449	 0.000000	 
0.228092	 0.258816	 0.163111	 0.198061	 -0.002541	 0.000174	 0.000450	 0.000000	 
0.228087	 0.258783	 0.163108	 0.198028	 -0.002545	 0.000173	 0.000451	 0.000000	 
0.228081	 0.258749	 0.163105	 0.197994	 -0.002549	 0.000172	 0.000451	 0.000000	 
0.228075	 0.258714	 0.163103	 0.197961	 -0.002553	 0.000171	 0.000452	 0.000000	 
0.228069	 0.258680	 0.163100	 0.197928	 -0.002557	 0.000170	 0.000453	 0.000000	 
0.228064	 0.258646	 0.163097	 0.197894	 -0.002560	 0.000169	 0.000453	 0.000000	 
0.228058	 0.258612	 0.163094	 0.197861	 -0.002564	 0.000168	 0.000454	 0.000000	 
0.228052	 0.258577	 0.163091	 0.197827	 -0.002568	 0.000167	 0.000455	 0.000000	 
0.228047	 0.258543	 0.163089	 0.197794	 -0.002572	 0.000166	 0.000455	 0.000000	 
0.228041	 0.258508	 0.163086	 0.197760	 -0.002576	 0.000165	 0.000456	 0.000000	 
0.228035	 0.258473	 0.163083	 0.197726	 -0.002580	 0.000164	 0.000457	 0.000000	 
0.228030	 0.258439	 0.163080	 0.197692	 -0.002584	 0.000163	 0.000457	 0.000000	 
0.228024	 0.258404	 0.163078	 0.197659	 -0.002588	 0.000162	 0.000458	 0.000000	 
0.228018	 0.258369	 0.163075	 0.197625	 -0.002591	 0.000162	 0.000458	 0.000000	 
0.228012	 0.258334	 0.163072	 0.197591	 -0.002595	 0.000161	 0.000459	 0.000000	 
0.228007	 0.258299	 0.163069	 0.197557	 -0.002599	 0.000160	 0.000460	 0.000000	 
0.228001	 0.258263	 0.163067	 0.197523	 -0.002603	 0.000159	 0.000460	 0.000000	 
0.227996	 0.258228	 0.163064	 0.197489	 -0.002607	 0.000158	 0.000461	 0.000000	 
0.227990	 0.258193	 0.163061	 0.197455	 -0.002611	 0.000157	 0.000461	 0.000000	 
0.227984	 0.258157	 0.163059	 0.197421	 -0.002615	 0.000156	 0.000462	 0.000000	 
0.227979	 0.258121	 0.163056	 0.197386	 -0.002618	 0.000155	 0.000463	 0.000000	 
0.227973	 0.258086	 0.163054	 0.197352	 -0.002622	 0.000154	 0.000463	 0.000000	 
0.227967	 0.258050	 0.163051	 0.197318	 -0.002626	 0.000153	 0.000464	 0.000000	 
0.227962	 0.258014	 0.163048	 0.197283	 -0.002630	 0.000152	 0.000464	 0.000000	 
0.227956	 0.257978	 0.163046	 0.197249	 -0.002634	 0.000151	 0.000465	 0.000000	 
0.227951	 0.257942	 0.163043	 0.197215	 -0.002638	 0.000150	 0.000465	 0.000000	 
0.227945	 0.257906	 0.163041	 0.197180	 -0.002641	 0.000150	 0.000466	 0.000000	 
0.227939	 0.257870	 0.163038	 0.197146	 -0.002645	 0.000149	 0.000466	 0.000000	 
0.227934	 0.257834	 0.163036	 0.197111	 -0.002649	 0.000148	 0.000467	 0.000000	 
0.227928	 0.257797	 0.163033	 0.197077	 -0.002653	 0.000147	 0.000467	 0.000000	 
0.227923	 0.257761	 0.163031	 0.197042	 -0.002657	 0.000146	 0.000468	 0.000000	 
0.227917	 0.257725	 0.163028	 0.197007	 -0.002661	 0.000145	 0.000468	 0.000000	 
0.227912	 0.257688	 0.163026	 0.196973	 -0.002665	 0.000144	 0.000469	 0.000000	 
0.227906	 0.257651	 0.163023	 0.196938	 -0.002668	 0.000143	 0.000469	 0.000000	 
0.227901	 0.257615	 0.163021	 0.196903	 -0.002672	 0.000142	 0.000470	 0.000000	 
0.227895	 0.257578	 0.163019	 0.196868	 -0.002676	 0.000141	 0.000470	 0.000000	 
0.227889	 0.257541	 0.163016	 0.196833	 -0.002680	 0.000141	 0.000471	 0.000000	 
0.227884	 0.257504	 0.163014	 0.196799	 -0.002684	 0.000140	 0.000471	 0.000000	 
0.227879	 0.257467	 0.163012	 0.196764	 -0.002688	 0.000139	 0.000472	 0.000000	 
0.227873	 0.257430	 0.163009	 0.196729	 -0.002692	 0.000138	 0.000472	 0.000000	 
0.227868	 0.257393	 0.163007	 0.196694	 -0.002695	 0.000137	 0.000472	 0.000000	 
0.227862	 0.257355	 0.163005	 0.196659	 -0.002699	 0.000136	 0.000473	 0.000000	 
0.227857	 0.257318	 0.163002	 0.196624	 -0.002703	 0.000135	 0.000473	 0.000000	 
0.227851	 0.257281	 0.163000	 0.196589	 -0.002707	 0.000134	 0.000474	 0.000000	 
0.227846	 0.257243	 0.162998	 0.196554	 -0.002711	 0.000134	 0.000474	 0.000000	 
0.227840	 0.257205	 0.162996	 0.196518	 -0.002715	 0.000133	 0.000474	 0.000000	 
0.227835	 0.257168	 0.162993	 0.196483	 -0.002719	 0.000132	 0.000475	 0.000000	 
0.227830	 0.257130	 0.162991	 0.196448	 -0.002723	 0.000131	 0.000475	 0.000000	 
0.227824	 0.257092	 0.162989	 0.196413	 -0.002727	 0.000130	 0.000475	 0.000000	 
0.227819	 0.257054	 0.162987	 0.196378	 -0.002730	 0.000129	 0.000476	 0.000000	 
0.227813	 0.257016	 0.162985	 0.196342	 -0.002734	 0.000129	 0.000476	 0.000000	 
0.227808	 0.256978	 0.162983	 0.196307	 -0.002738	 0.000128	 0.000476	 0.000000	 
0.227803	 0.256940	 0.162980	 0.196272	 -0.002742	 0.000127	 0.000476	 0.000000	 
0.227797	 0.256902	 0.162978	 0.196236	 -0.002746	 0.000126	 0.000477	 0.000000	 
0.227792	 0.256864	 0.162976	 0.196201	 -0.002750	 0.000125	 0.000477	 0.000000	 
0.227787	 0.256825	 0.162974	 0.196166	 -0.002754	 0.000125	 0.000477	 0.000000	 
0.227782	 0.256787	 0.162972	 0.196130	 -0.002758	 0.000124	 0.000478	 0.000000	 
0.227776	 0.256749	 0.162970	 0.196095	 -0.002762	 0.000123	 0.000478	 0.000000	 
0.227771	 0.256710	 0.162968	 0.196059	 -0.002766	 0.000122	 0.000478	 0.000000	 
0.227766	 0.256671	 0.162966	 0.196024	 -0.002770	 0.000122	 0.000478	 0.000000	 
0.227761	 0.256633	 0.162964	 0.195988	 -0.002774	 0.000121	 0.000478	 0.000000	 
0.227755	 0.256594	 0.162962	 0.195953	 -0.002778	 0.000120	 0.000479	 0.000000	 
0.227750	 0.256555	 0.162960	 0.195917	 -0.002782	 0.000119	 0.000479	 0.000000	 
0.227745	 0.256516	 0.162958	 0.195882	 -0.002786	 0.000119	 0.000479	 0.000000	 
0.227740	 0.256477	 0.162957	 0.195846	 -0.002790	 0.000118	 0.000479	 0.000000	 
0.227735	 0.256438	 0.162955	 0.195811	 -0.002794	 0.000117	 0.000479	 0.000000	 
0.227729	 0.256399	 0.162953	 0.195775	 -0.002798	 0.000116	 0.000479	 0.000000	 
0.227724	 0.256360	 0.162951	 0.195739	 -0.002802	 0.000116	 0.000480	 0.000000	 
0.227719	 0.256321	 0.162949	 0.195704	 -0.002806	 0.000115	 0.000480	 0.000000	 
0.227714	 0.256281	 0.162947	 0.195668	 -0.002810	 0.000114	 0.000480	 0.000000	 
0.227709	 0.256242	 0.162946	 0.195632	 -0.002814	 0.000114	 0.000480	 0.000000	 
0.227704	 0.256202	 0.162944	 0.195597	 -0.002818	 0.000113	 0.000480	 0.000000	 
0.227699	 0.256163	 0.162942	 0.195561	 -0.002822	 0.000112	 0.000480	 0.000000	 
0.227694	 0.256123	 0.162941	 0.195525	 -0.002826	 0.000111	 0.000480	 0.000000	 
0.227689	 0.256084	 0.162939	 0.195489	 -0.002830	 0.000111	 0.000480	 0.000000	 
0.227684	 0.256044	 0.162937	 0.195454	 -0.002834	 0.000110	 0.000480	 0.000000	 
0.227678	 0.256004	 0.162936	 0.195418	 -0.002838	 0.000109	 0.000480	 0.000000	 
0.227673	 0.255964	 0.162934	 0.195382	 -0.002842	 0.000109	 0.000480	 0.000000	 
0.227668	 0.255924	 0.162932	 0.195346	 -0.002846	 0.000108	 0.000480	 0.000000	 
0.227663	 0.255884	 0.162931	 0.195311	 -0.002850	 0.000108	 0.000480	 0.000000	 
0.227659	 0.255844	 0.162929	 0.195275	 -0.002854	 0.000107	 0.000480	 0.000000	 
0.227654	 0.255804	 0.162928	 0.195239	 -0.002858	 0.000106	 0.000481	 0.000000	 
0.227649	 0.255764	 0.162926	 0.195203	 -0.002862	 0.000106	 0.000480	 0.000000	 
0.227644	 0.255724	 0.162925	 0.195167	 -0.002866	 0.000105	 0.000480	 0.000000	 
0.227639	 0.255683	 0.162923	 0.195132	 -0.002870	 0.000105	 0.000480	 0.000000	 
0.227634	 0.255643	 0.162922	 0.195096	 -0.002875	 0.000104	 0.000480	 0.000000	 
0.227629	 0.255602	 0.162920	 0.195060	 -0.002879	 0.000103	 0.000480	 0.000000	 
0.227624	 0.255562	 0.162919	 0.195023	 -0.002883	 0.000103	 0.000480	 0.000000	 
0.227619	 0.255521	 0.162917	 0.194987	 -0.002887	 0.000102	 0.000480	 0.000000	 
0.227615	 0.255481	 0.162916	 0.194950	 -0.002891	 0.000102	 0.000480	 0.000000	 
0.227610	 0.255440	 0.162915	 0.194914	 -0.002895	 0.000101	 0.000480	 0.000000	 
0.227605	 0.255399	 0.162913	 0.194877	 -0.002899	 0.000101	 0.000480	 0.000000	 
0.227600	 0.255358	 0.162912	 0.194839	 -0.002903	 0.000100	 0.000480	 0.000000	 
0.227595	 0.255317	 0.162911	 0.194802	 -0.002908	 0.000100	 0.000480	 0.000000	 
0.227591	 0.255276	 0.162909	 0.194765	 -0.002912	 0.000099	 0.000480	 0.000000	 
0.227586	 0.255235	 0.162908	 0.194727	 -0.002916	 0.000099	 0.000480	 0.000000	 
0.227581	 0.255194	 0.162907	 0.194689	 -0.002920	 0.000098	 0.000480	 0.000000	 
0.227576	 0.255153	 0.162906	 0.194651	 -0.002924	 0.000098	 0.000480	 0.000000	 
0.227572	 0.255112	 0.162905	 0.194613	 -0.002929	 0.000097	 0.000479	 0.000000	 
0.227567	 0.255070	 0.162904	 0.194575	 -0.002933	 0.000097	 0.000479	 0.000000	 
0.227562	 0.255029	 0.162902	 0.194536	 -0.002937	 0.000096	 0.000479	 0.000000	 
0.227558	 0.254987	 0.162901	 0.194497	 -0.002941	 0.000096	 0.000479	 0.000000	 
0.227553	 0.254946	 0.162900	 0.194459	 -0.002945	 0.000095	 0.000479	 0.000000	 
0.227549	 0.254904	 0.162899	 0.194420	 -0.002950	 0.000095	 0.000479	 0.000000	 
0.227544	 0.254863	 0.162898	 0.194380	 -0.002954	 0.000094	 0.000478	 0.000000	 
0.227539	 0.254821	 0.162897	 0.194341	 -0.002958	 0.000094	 0.000478	 0.000000	 
0.227535	 0.254779	 0.162896	 0.194301	 -0.002962	 0.000094	 0.000478	 0.000000	 
0.227530	 0.254738	 0.162895	 0.194261	 -0.002966	 0.000093	 0.000478	 0.000000	 
0.227526	 0.254696	 0.162894	 0.194221	 -0.002971	 0.000093	 0.000478	 0.000000	 
0.227521	 0.254654	 0.162893	 0.194181	 -0.002975	 0.000092	 0.000478	 0.000000	 
0.227517	 0.254612	 0.162892	 0.194141	 -0.002979	 0.000092	 0.000477	 0.000000	 
0.227512	 0.254570	 0.162891	 0.194100	 -0.002983	 0.000092	 0.000477	 0.000000	 
0.227508	 0.254528	 0.162891	 0.194060	 -0.002988	 0.000091	 0.000477	 0.000000	 
0.227504	 0.254485	 0.162890	 0.194019	 -0.002992	 0.000091	 0.000477	 0.000000	 
0.227499	 0.254443	 0.162889	 0.193978	 -0.002996	 0.000090	 0.000476	 0.000000	 
0.227495	 0.254401	 0.162888	 0.193936	 -0.003000	 0.000090	 0.000476	 0.000000	 
0.227490	 0.254359	 0.162887	 0.193895	 -0.003005	 0.000090	 0.000476	 0.000000	 
0.227486	 0.254316	 0.162887	 0.193853	 -0.003009	 0.000089	 0.000476	 0.000000	 
0.227482	 0.254274	 0.162886	 0.193812	 -0.003013	 0.000089	 0.000476	 0.000000	 
0.227477	 0.254231	 0.162885	 0.193769	 -0.003018	 0.000089	 0.000475	 0.000000	 
0.227473	 0.254188	 0.162885	 0.193727	 -0.003022	 0.000088	 0.000475	 0.000000	 
0.227469	 0.254145	 0.162884	 0.193685	 -0.003026	 0.000088	 0.000475	 0.000000	 
0.227465	 0.254102	 0.162883	 0.193642	 -0.003030	 0.000088	 0.000474	 0.000000	 
0.227460	 0.254058	 0.162883	 0.193600	 -0.003035	 0.000088	 0.000474	 0.000000	 
0.227456	 0.254015	 0.162882	 0.193557	 -0.003039	 0.000087	 0.000474	 0.000000	 
0.227452	 0.253971	 0.162882	 0.193513	 -0.003043	 0.000087	 0.000474	 0.000000	 
0.227448	 0.253927	 0.162881	 0.193470	 -0.003048	 0.000087	 0.000473	 0.000000	 
0.227444	 0.253882	 0.162881	 0.193427	 -0.003052	 0.000087	 0.000473	 0.000000	 
0.227440	 0.253838	 0.162880	 0.193384	 -0.003056	 0.000086	 0.000473	 0.000000	 
0.227435	 0.253793	 0.162880	 0.193341	 -0.003061	 0.000086	 0.000473	 0.000000	 
0.227431	 0.253748	 0.162879	 0.193298	 -0.003065	 0.000086	 0.000472	 0.000000	 
0.227427	 0.253703	 0.162879	 0.193255	 -0.003069	 0.000086	 0.000472	 0.000000	 
0.227423	 0.253658	 0.162879	 0.193212	 -0.003074	 0.000085	 0.000472	 0.000000	 
0.227419	 0.253612	 0.162878	 0.193168	 -0.003078	 0.000085	 0.000471	 0.000000	 
0.227415	 0.253567	 0.162878	 0.193125	 -0.003082	 0.000085	 0.000471	 0.000000	 
0.227411	 0.253521	 0.162878	 0.193082	 -0.003087	 0.000085	 0.000471	 0.000000	 
0.227407	 0.253475	 0.162877	 0.193039	 -0.003091	 0.000085	 0.000470	 0.000000	 
0.227403	 0.253428	 0.162877	 0.192996	 -0.003095	 0.000084	 0.000470	 0.000000	 
0.227399	 0.253382	 0.162877	 0.192952	 -0.003100	 0.000084	 0.000470	 0.000000	 
0.227395	 0.253336	 0.162877	 0.192909	 -0.003104	 0.000084	 0.000469	 0.000000	 
0.227391	 0.253289	 0.162877	 0.192866	 -0.003108	 0.000084	 0.000469	 0.000000	 
0.227387	 0.253242	 0.162877	 0.192822	 -0.003113	 0.000084	 0.000469	 0.000000	 
0.227384	 0.253196	 0.162876	 0.192779	 -0.003117	 0.000084	 0.000468	 0.000000	 
0.227380	 0.253149	 0.162876	 0.192736	 -0.003121	 0.000083	 0.000468	 0.000000	 
0.227376	 0.253102	 0.162876	 0.192692	 -0.003126	 0.000083	 0.000468	 0.000000	 
0.227372	 0.253055	 0.162876	 0.192649	 -0.003130	 0.000083	 0.000467	 0.000000	 
0.227368	 0.253008	 0.162876	 0.192606	 -0.003134	 0.000083	 0.000467	 0.000000	 
0.227365	 0.252961	 0.162876	 0.192562	 -0.003139	 0.000083	 0.000467	 0.000000	 
0.227361	 0.252914	 0.162876	 0.192519	 -0.003143	 0.000083	 0.000466	 0.000000	 
0.227357	 0.252867	 0.162876	 0.192476	 -0.003148	 0.000083	 0.000466	 0.000000	 
0.227354	 0.252819	 0.162876	 0.192432	 -0.003152	 0.000083	 0.000466	 0.000000	 
0.227350	 0.252772	 0.162877	 0.192389	 -0.003156	 0.000083	 0.000465	 0.000000	 
0.227346	 0.252725	 0.162877	 0.192345	 -0.003161	 0.000082	 0.000465	 0.000000	 
0.227343	 0.252677	 0.162877	 0.192302	 -0.003165	 0.000082	 0.000465	 0.000000	 
0.227339	 0.252629	 0.162877	 0.192259	 -0.003169	 0.000082	 0.000464	 0.000000	 
0.227335	 0.252582	 0.162877	 0.192215	 -0.003174	 0.000082	 0.000464	 0.000000	 
0.227332	 0.252534	 0.162878	 0.192172	 -0.003178	 0.000082	 0.000464	 0.000000	 
0.227328	 0.252486	 0.162878	 0.192128	 -0.003183	 0.000082	 0.000463	 0.000000	 
0.227325	 0.252438	 0.162878	 0.192085	 -0.003187	 0.000082	 0.000463	 0.000000	 
0.227321	 0.252390	 0.162879	 0.192041	 -0.003191	 0.000082	 0.000463	 0.000000	 
0.227318	 0.252342	 0.162879	 0.191998	 -0.003196	 0.000082	 0.000462	 0.000000	 
0.227314	 0.252293	 0.162879	 0.191954	 -0.003200	 0.000082	 0.000462	 0.000000	 
0.227311	 0.252245	 0.162880	 0.191911	 -0.003204	 0.000082	 0.000462	 0.000000	 
0.227308	 0.252197	 0.162880	 0.191868	 -0.003209	 0.000082	 0.000461	 0.000000	 
0.227304	 0.252148	 0.162881	 0.191824	 -0.003213	 0.000082	 0.000461	 0.000000	 
0.227301	 0.252100	 0.162881	 0.191781	 -0.003218	 0.000082	 0.000460	 0.000000	 
0.227297	 0.252051	 0.162882	 0.191737	 -0.003222	 0.000082	 0.000460	 0.000000	 
0.227294	 0.252002	 0.162882	 0.191694	 -0.003226	 0.000082	 0.000460	 0.000000	 
0.227291	 0.251953	 0.162883	 0.191650	 -0.003231	 0.000082	 0.000459	 0.000000	 
0.227288	 0.251905	 0.162884	 0.191607	 -0.003235	 0.000082	 0.000459	 0.000000	 
0.227284	 0.251856	 0.162884	 0.191563	 -0.003239	 0.000082	 0.000459	 0.000000	 
0.227281	 0.251806	 0.162885	 0.191520	 -0.003244	 0.000082	 0.000458	 0.000000	 
0.227278	 0.251757	 0.162886	 0.191476	 -0.003248	 0.000082	 0.000458	 0.000000	 
0.227275	 0.251708	 0.162886	 0.191433	 -0.003252	 0.000082	 0.000458	 0.000000	 
0.227272	 0.251659	 0.162887	 0.191389	 -0.003257	 0.000082	 0.000457	 0.000000	 
0.227268	 0.251609	 0.162888	 0.191346	 -0.003261	 0.000082	 0.000457	 0.000000	 
0.227265	 0.251560	 0.162889	 0.191302	 -0.003266	 0.000082	 0.000457	 0.000000	 
0.227262	 0.251510	 0.162890	 0.191259	 -0.003270	 0.000082	 0.000456	 0.000000	 
0.227259	 0.251461	 0.162891	 0.191215	 -0.003274	 0.000082	 0.000456	 0.000000	 
0.227256	 0.251411	 0.162892	 0.191172	 -0.003279	 0.000082	 0.000456	 0.000000	 
0.227253	 0.251361	 0.162893	 0.191128	 -0.003283	 0.000082	 0.000455	 0.000000	 
0.227250	 0.251311	 0.162893	 0.191085	 -0.003287	 0.000082	 0.000455	 0.000000	 
0.227247	 0.251262	 0.162895	 0.191042	 -0.003292	 0.000082	 0.000455	 0.000000	 
0.227244	 0.251212	 0.162896	 0.190998	 -0.003296	 0.000083	 0.000454	 0.000000	 
0.227241	 0.251161	 0.162897	 0.190955	 -0.003300	 0.000083	 0.000454	 0.000000	 
0.227239	 0.251111	 0.162898	 0.190911	 -0.003305	 0.000083	 0.000453	 0.000000	 
0.227236	 0.251061	 0.162899	 0.190868	 -0.003309	 0.000083	 0.000453	 0.000000	 
0.227233	 0.251011	 0.162900	 0.190824	 -0.003313	 0.000083	 0.000453	 0.000000	 
0.227230	 0.250960	 0.162901	 0.190781	 -0.003318	 0.000083	 0.000452	 0.000000	 
0.227227	 0.250910	 0.162902	 0.190738	 -0.003322	 0.000083	 0.000452	 0.000000	 
0.227225	 0.250859	 0.162904	 0.190694	 -0.003326	 0.000083	 0.000452	 0.000000	 
0.227222	 0.250809	 0.162905	 0.190651	 -0.003331	 0.000083	 0.000451	 0.000000	 
0.227219	 0.250758	 0.162906	 0.190608	 -0.003335	 0.000083	 0.000451	 0.000000	 
0.227216	 0.250707	 0.162908	 0.190564	 -0.003339	 0.000084	 0.000451	 0.000000	 
0.227214	 0.250656	 0.162909	 0.190521	 -0.003344	 0.000084	 0.000450	 0.000000	 
0.227211	 0.250605	 0.162910	 0.190478	 -0.003348	 0.000084	 0.000450	 0.000000	 
0.227209	 0.250554	 0.162912	 0.190434	 -0.003352	 0.000084	 0.000450	 0.000000	 
0.227206	 0.250503	 0.162913	 0.190391	 -0.003357	 0.000084	 0.000450	 0.000000	 
0.227203	 0.250452	 0.162915	 0.190348	 -0.003361	 0.000084	 0.000449	 0.000000	 
0.227201	 0.250401	 0.162916	 0.190304	 -0.003365	 0.000084	 0.000449	 0.000000	 
0.227198	 0.250349	 0.162918	 0.190261	 -0.003369	 0.000084	 0.000449	 0.000000	 
0.227196	 0.250298	 0.162919	 0.190218	 -0.003374	 0.000085	 0.000448	 0.000000	 
0.227194	 0.250246	 0.162921	 0.190175	 -0.003378	 0.000085	 0.000448	 0.000000	 
0.227191	 0.250195	 0.162923	 0.190131	 -0.003382	 0.000085	 0.000448	 0.000000	 
0.227189	 0.250143	 0.162924	 0.190088	 -0.003387	 0.000085	 0.000447	 0.000000	 
0.227186	 0.250091	 0.162926	 0.190045	 -0.003391	 0.000085	 0.000447	 0.000000	 
0.227184	 0.250040	 0.162928	 0.190002	 -0.003395	 0.000085	 0.000447	 0.000000	 
0.227182	 0.249988	 0.162930	 0.189959	 -0.003399	 0.000086	 0.000446	 0.000000	 
0.227179	 0.249936	 0.162931	 0.189915	 -0.003404	 0.000086	 0.000446	 0.000000	 
0.227177	 0.249884	 0.162933	 0.189872	 -0.003408	 0.000086	 0.000446	 0.000000	 
0.227175	 0.249832	 0.162935	 0.189829	 -0.003412	 0.000086	 0.000445	 0.000000	 
0.227173	 0.249779	 0.162937	 0.189786	 -0.003416	 0.000086	 0.000445	 0.000000	 
0.227171	 0.249727	 0.162939	 0.189743	 -0.003421	 0.000086	 0.000445	 0.000000	 
0.227168	 0.249675	 0.162941	 0.189700	 -0.003425	 0.000087	 0.000445	 0.000000	 
0.227166	 0.249622	 0.162943	 0.189657	 -0.003429	 0.000087	 0.000444	 0.000000	 
0.227164	 0.249570	 0.162945	 0.189614	 -0.003433	 0.000087	 0.000444	 0.000000	 
0.227162	 0.249517	 0.162947	 0.189571	 -0.003438	 0.000087	 0.000444	 0.000000	 
0.227160	 0.249465	 0.162949	 0.189528	 -0.003442	 0.000087	 0.000443	 0.000000	 
0.227158	 0.249412	 0.162951	 0.189485	 -0.003446	 0.000087	 0.000443	 0.000000	 
0.227156	 0.249359	 0.162953	 0.189442	 -0.003450	 0.000088	 0.000443	 0.000000	 
0.227154	 0.249307	 0.162955	 0.189399	 -0.003454	 0.000088	 0.000443	 0.000000	 
0.227152	 0.249254	 0.162958	 0.189357	 -0.003459	 0.000088	 0.000442	 0.000000	 
0.227150	 0.249201	 0.162960	 0.189314	 -0.003463	 0.000088	 0.000442	 0.000000	 
0.227149	 0.249148	 0.162962	 0.189271	 -0.003467	 0.000088	 0.000442	 0.000000	 
0.227147	 0.249094	 0.162965	 0.189228	 -0.003471	 0.000089	 0.000442	 0.000000	 
0.227144	 0.249041	 0.162967	 0.189185	 -0.003475	 0.000089	 0.000441	 0.000000	 
0.227141	 0.248988	 0.162969	 0.189143	 -0.003480	 0.000089	 0.000441	 0.000000	 
0.227138	 0.248935	 0.162972	 0.189100	 -0.003484	 0.000089	 0.000441	 0.000000	 
0.227135	 0.248881	 0.162974	 0.189057	 -0.003488	 0.000089	 0.000440	 0.000000	 
0.227133	 0.248828	 0.162977	 0.189015	 -0.003492	 0.000090	 0.000440	 0.000000	 
0.227130	 0.248774	 0.162979	 0.188972	 -0.003496	 0.000090	 0.000440	 0.000000	 
0.227127	 0.248721	 0.162982	 0.188930	 -0.003500	 0.000090	 0.000440	 0.000000	 
0.227124	 0.248667	 0.162984	 0.188887	 -0.003504	 0.000090	 0.000439	 0.000000	 
0.227121	 0.248613	 0.162987	 0.188844	 -0.003509	 0.000091	 0.000439	 0.000000	 
0.227119	 0.248559	 0.162990	 0.188802	 -0.003513	 0.000091	 0.000439	 0.000000	 
0.227116	 0.248505	 0.162992	 0.188760	 -0.003517	 0.000091	 0.000439	 0.000000	 
0.227113	 0.248452	 0.162995	 0.188717	 -0.003521	 0.000091	 0.000438	 0.000000	 
0.227111	 0.248397	 0.162998	 0.188675	 -0.003525	 0.000091	 0.000438	 0.000000	 
0.227108	 0.248343	 0.163000	 0.188632	 -0.003529	 0.000092	 0.000438	 0.000000	 
0.227106	 0.248289	 0.163003	 0.188590	 -0.003533	 0.000092	 0.000438	 0.000000	 
0.227103	 0.248235	 0.163005	 0.188548	 -0.003537	 0.000092	 0.000438	 0.000000	 
0.227101	 0.248181	 0.163008	 0.188506	 -0.003542	 0.000092	 0.000437	 0.000000	 
0.227098	 0.248126	 0.163010	 0.188463	 -0.003546	 0.000092	 0.000437	 0.000000	 
0.227096	 0.248072	 0.163013	 0.188421	 -0.003550	 0.000093	 0.000437	 0.000000	 
0.227093	 0.248017	 0.163015	 0.188379	 -0.003554	 0.000093	 0.000437	 0.000000	 
0.227091	 0.247963	 0.163018	 0.188337	 -0.003558	 0.000093	 0.000436	 0.000000	 
0.227089	 0.247908	 0.163020	 0.188295	 -0.003562	 0.000093	 0.000436	 0.000000	 
0.227087	 0.247854	 0.163022	 0.188253	 -0.003566	 0.000094	 0.000436	 0.000000	 
0.227084	 0.247799	 0.163024	 0.188211	 -0.003570	 0.000094	 0.000436	 0.000000	 
0.227082	 0.247744	 0.163026	 0.188169	 -0.003574	 0.000094	 0.000436	 0.000000	 
0.227080	 0.247689	 0.163029	 0.188127	 -0.003578	 0.000094	 0.000435	 0.000000	 
0.227078	 0.247633	 0.163031	 0.188085	 -0.003582	 0.000094	 0.000435	 0.000000	 
0.227076	 0.247578	 0.163033	 0.188044	 -0.003586	 0.000095	 0.000435	 0.000000	 
0.227074	 0.247522	 0.163035	 0.188002	 -0.003590	 0.000095	 0.000435	 0.000000	 
0.227072	 0.247465	 0.163037	 0.187960	 -0.003594	 0.000095	 0.000435	 0.000000	 
0.227070	 0.247409	 0.163039	 0.187918	 -0.003598	 0.000095	 0.000434	 0.000000	 
0.227068	 0.247352	 0.163040	 0.187877	 -0.003602	 0.000096	 0.000434	 0.000000	 
0.227066	 0.247295	 0.163042	 0.187835	 -0.003606	 0.000096	 0.000434	 0.000000	 
0.227064	 0.247238	 0.163044	 0.187794	 -0.003610	 0.000096	 0.000434	 0.000000	 
0.227062	 0.247181	 0.163046	 0.187752	 -0.003614	 0.000096	 0.000434	 0.000000	 
0.227060	 0.247123	 0.163048	 0.187711	 -0.003618	 0.000097	 0.000433	 0.000000	 
0.227059	 0.247065	 0.163049	 0.187669	 -0.003622	 0.000097	 0.000433	 0.000000	 
0.227057	 0.247006	 0.163051	 0.187628	 -0.003626	 0.000097	 0.000433	 0.000000	 
0.227055	 0.246948	 0.163052	 0.187587	 -0.003630	 0.000097	 0.000433	 0.000000	 
0.227054	 0.246889	 0.163054	 0.187545	 -0.003634	 0.000097	 0.000433	 0.000000	 
0.227052	 0.246830	 0.163055	 0.187504	 -0.003638	 0.000098	 0.000433	 0.000000	 
0.227051	 0.246771	 0.163057	 0.187463	 -0.003642	 0.000098	 0.000432	 0.000000	 
0.227049	 0.246711	 0.163058	 0.187422	 -0.003646	 0.000098	 0.000432	 0.000000	 
0.227047	 0.246651	 0.163060	 0.187381	 -0.003650	 0.000098	 0.000432	 0.000000	 
0.227046	 0.246591	 0.163061	 0.187340	 -0.003654	 0.000099	 0.000432	 0.000000	 
0.227045	 0.246530	 0.163062	 0.187299	 -0.003657	 0.000099	 0.000432	 0.000000	 
0.227043	 0.246470	 0.163063	 0.187258	 -0.003661	 0.000099	 0.000431	 0.000000	 
0.227042	 0.246409	 0.163065	 0.187217	 -0.003665	 0.000099	 0.000431	 0.000000	 
0.227041	 0.246347	 0.163066	 0.187177	 -0.003669	 0.000100	 0.000431	 0.000000	 
0.227039	 0.246286	 0.163067	 0.187136	 -0.003673	 0.000100	 0.000431	 0.000000	 
0.227038	 0.246224	 0.163068	 0.187095	 -0.003677	 0.000100	 0.000431	 0.000000	 
0.227037	 0.246162	 0.163069	 0.187055	 -0.003681	 0.000100	 0.000431	 0.000000	 
0.227036	 0.246100	 0.163070	 0.187014	 -0.003685	 0.000100	 0.000431	 0.000000	 
0.227035	 0.246037	 0.163071	 0.186974	 -0.003689	 0.000101	 0.000430	 0.000000	 
0.227034	 0.245974	 0.163072	 0.186933	 -0.003692	 0.000101	 0.000430	 0.000000	 
0.227033	 0.245911	 0.163073	 0.186892	 -0.003696	 0.000101	 0.000430	 0.000000	 
0.227032	 0.245848	 0.163073	 0.186851	 -0.003700	 0.000101	 0.000430	 0.000000	 
0.227031	 0.245784	 0.163074	 0.186810	 -0.003704	 0.000102	 0.000430	 0.000000	 
0.227030	 0.245720	 0.163075	 0.186768	 -0.003708	 0.000102	 0.000430	 0.000000	 
0.227029	 0.245657	 0.163075	 0.186726	 -0.003712	 0.000102	 0.000429	 0.000000	 
0.227028	 0.245593	 0.163076	 0.186684	 -0.003715	 0.000102	 0.000429	 0.000000	 
0.227028	 0.245529	 0.163077	 0.186642	 -0.003719	 0.000102	 0.000429	 0.000000	 
0.227027	 0.245465	 0.163077	 0.186600	 -0.003723	 0.000103	 0.000429	 0.000000	 
0.227026	 0.245401	 0.163078	 0.186558	 -0.003727	 0.000103	 0.000429	 0.000000	 
0.227026	 0.245337	 0.163078	 0.186516	 -0.003731	 0.000103	 0.000429	 0.000000	 
0.227025	 0.245273	 0.163078	 0.186473	 -0.003734	 0.000103	 0.000429	 0.000000	 
0.227024	 0.245209	 0.163079	 0.186432	 -0.003738	 0.000104	 0.000429	 0.000000	 
0.227024	 0.245145	 0.163079	 0.186390	 -0.003742	 0.000104	 0.000428	 0.000000	 
0.227023	 0.245081	 0.163079	 0.186348	 -0.003746	 0.000104	 0.000428	 0.000000	 
0.227023	 0.245017	 0.163079	 0.186306	 -0.003750	 0.000104	 0.000428	 0.000000	 
0.227023	 0.244953	 0.163080	 0.186264	 -0.003753	 0.000104	 0.000428	 0.000000	 
0.227022	 0.244889	 0.163080	 0.186223	 -0.003757	 0.000105	 0.000428	 0.000000	 
0.227022	 0.244825	 0.163080	 0.186180	 -0.003761	 0.000105	 0.000428	 0.000000	 
0.227022	 0.244761	 0.163080	 0.186138	 -0.003764	 0.000105	 0.000428	 0.000000	 
0.227022	 0.244697	 0.163080	 0.186096	 -0.003768	 0.000105	 0.000427	 0.000000	 
0.227021	 0.244632	 0.163080	 0.186053	 -0.003772	 0.000106	 0.000427	 0.000000	 
0.227021	 0.244568	 0.163080	 0.186010	 -0.003776	 0.000106	 0.000427	 0.000000	 
0.227021	 0.244504	 0.163079	 0.185967	 -0.003779	 0.000106	 0.000427	 0.000000	 
0.227021	 0.244440	 0.163079	 0.185923	 -0.003783	 0.000106	 0.000427	 0.000000	 
0.227021	 0.244376	 0.163079	 0.185868	 -0.003787	 0.000106	 0.000427	 0.000000	 
0.227021	 0.244311	 0.163079	 0.185811	 -0.003790	 0.000107	 0.000427	 0.000000	 
0.227021	 0.244247	 0.163078	 0.185753	 -0.003794	 0.000107	 0.000427	 0.000000	 
0.227022	 0.244183	 0.163078	 0.185696	 -0.003798	 0.000107	 0.000427	 0.000000	 
0.227022	 0.244118	 0.163078	 0.185638	 -0.003802	 0.000107	 0.000426	 0.000000	 
0.227022	 0.244054	 0.163077	 0.185579	 -0.003805	 0.000107	 0.000426	 0.000000	 
0.227022	 0.243990	 0.163077	 0.185521	 -0.003809	 0.000108	 0.000426	 0.000000	 
0.227023	 0.243925	 0.163076	 0.185462	 -0.003813	 0.000108	 0.000426	 0.000000	 
0.227023	 0.243861	 0.163075	 0.185403	 -0.003816	 0.000108	 0.000426	 0.000000	 
0.227023	 0.243796	 0.163075	 0.185344	 -0.003820	 0.000108	 0.000426	 0.000000	 
0.227024	 0.243732	 0.163074	 0.185285	 -0.003823	 0.000109	 0.000426	 0.000000	 
0.227024	 0.243667	 0.163073	 0.185225	 -0.003827	 0.000109	 0.000426	 0.000000	 
0.227025	 0.243603	 0.163072	 0.185165	 -0.003831	 0.000109	 0.000425	 0.000000	 
0.227026	 0.243539	 0.163072	 0.185104	 -0.003834	 0.000109	 0.000425	 0.000000	 
0.227026	 0.243474	 0.163071	 0.185044	 -0.003838	 0.000109	 0.000425	 0.000000	 
0.227027	 0.243410	 0.163070	 0.184983	 -0.003842	 0.000110	 0.000425	 0.000000	 
0.227028	 0.243345	 0.163069	 0.184922	 -0.003845	 0.000110	 0.000425	 0.000000	 
0.227028	 0.243280	 0.163068	 0.184861	 -0.003849	 0.000110	 0.000425	 0.000000	 
0.227029	 0.243216	 0.163067	 0.184800	 -0.003852	 0.000110	 0.000425	 0.000000	 
0.227030	 0.243151	 0.163065	 0.184738	 -0.003856	 0.000110	 0.000425	 0.000000	 
0.227031	 0.243087	 0.163064	 0.184677	 -0.003860	 0.000111	 0.000425	 0.000000	 
0.227032	 0.243022	 0.163063	 0.184615	 -0.003863	 0.000111	 0.000425	 0.000000	 
0.227033	 0.242958	 0.163062	 0.184553	 -0.003867	 0.000111	 0.000424	 0.000000	 
0.227034	 0.242893	 0.163060	 0.184491	 -0.003870	 0.000111	 0.000424	 0.000000	 
0.227035	 0.242829	 0.163059	 0.184428	 -0.003874	 0.000111	 0.000424	 0.000000	 
0.227036	 0.242764	 0.163058	 0.184366	 -0.003877	 0.000112	 0.000424	 0.000000	 
0.227038	 0.242699	 0.163056	 0.184303	 -0.003881	 0.000112	 0.000424	 0.000000	 
0.227039	 0.242635	 0.163055	 0.184241	 -0.003884	 0.000112	 0.000424	 0.000000	 
0.227040	 0.242570	 0.163053	 0.184179	 -0.003888	 0.000112	 0.000424	 0.000000	 
0.227042	 0.242506	 0.163051	 0.184117	 -0.003892	 0.000112	 0.000424	 0.000000	 
0.227043	 0.242441	 0.163050	 0.184055	 -0.003895	 0.000113	 0.000424	 0.000000	 
0.227044	 0.242376	 0.163048	 0.183993	 -0.003899	 0.000113	 0.000423	 0.000000	 
0.227046	 0.242312	 0.163046	 0.183932	 -0.003902	 0.000113	 0.000423	 0.000000	 
